Testing CnossosPropagation.DLL library 
.version API: 1.001
.version DLL: 1.001
Material ID=A4, G=1.00, sigma=40
   freq:    63   125   250   500  1000  2000  4000  8000
  alpha:  0.32  0.46  0.61  0.75  0.85  0.90  0.92  0.93
Calculation method: JRC_draft_2010, version 2.022
------------------------------------------------------------------------
Freq(Hz) |    63 |   125 |   250 |   500 |  1000 |  2000 |  4000 |  8000
------------------------------------------------------------------------
Lw       |  90.0 |  95.0 | 100.0 | 105.0 | 105.0 | 100.0 |  95.0 |  90.0
dB(A)    | -25.2 | -15.6 |  -8.4 |  -3.1 |   0.0 |   1.2 |   0.9 |  -2.4
deltaLw  |   0.0 |   0.0 |   0.0 |   0.0 |   0.0 |   0.0 |   0.0 |   0.0
AttGeo   | -32.2 | -32.2 | -32.2 | -32.2 | -32.2 | -32.2 | -32.2 | -32.2
AttAtm   |  -0.0 |  -0.0 |  -0.1 |  -0.1 |  -0.2 |  -0.4 |  -1.4 |  -4.8
AttRef   |   0.0 |   0.0 |   0.0 |   0.0 |   0.0 |   0.0 |   0.0 |   0.0
AttDif   |   0.0 |   0.0 |   0.0 |   0.0 |   0.0 |   0.0 |   0.0 |   0.0
AttSize  |   0.0 |   0.0 |   0.0 |   0.0 |   0.0 |   0.0 |   0.0 |   0.0
Att,F    |   5.9 |   5.1 |   2.7 |  -1.9 |  -2.5 |  -0.5 |   2.8 |   1.8
Att,H    |   5.7 |   4.9 |   2.5 |  -2.0 |  -2.8 |  -1.0 |   3.0 |   1.7
Lp,F     |  38.5 |  52.3 |  62.0 |  67.7 |  70.1 |  68.0 |  65.2 |  52.4
Lp,H     |  38.3 |  52.1 |  61.8 |  67.6 |  69.8 |  67.6 |  65.3 |  52.2
Leq      |  38.4 |  52.2 |  61.9 |  67.7 |  70.0 |  67.8 |  65.2 |  52.3
------------------------------------------------------------------------
Lp,F     |  74.4 dB(A)
Lp,H     |  74.2 dB(A)
Leq      |  74.3 dB(A)
------------------------------------------------------------------------
Results:
   freq:     63    125    250    500   1000   2000   4000   8000
    LpF:   38.5   52.3   62.0   67.7   70.1   68.0   65.2   52.4
    LpH:   38.3   52.1   61.8   67.6   69.8   67.6   65.3   52.2
    Leq:   38.4   52.2   61.9   67.7   70.0   67.8   65.2   52.3
Finished: 1 call(s) to propagation calculations in 0.23 ms 
Type any key to quit...